%YAML:1.0
---
R: !!opencv-matrix
   rows: 3
   cols: 3
   dt: d
   data: [ 9.9983954368880890e-01, 1.9572306076729652e-04,
           1.7912246331435667e-02, -3.9716064377113029e-04,
           9.9993671732263611e-01, 1.1242936158035443e-02,
           -1.7908912294653353e-02, -1.1248246197256945e-02,
           9.9977634889904676e-01 ]
T: [ -4.2374511252252507e+00, 1.0308968850164394e-03,
     4.8919951036927151e-01 ]
E: !!opencv-matrix
   rows: 3
   cols: 3
   dt: d
   data: [ 1.7582855057219086e-04, -4.8918014829645690e-01,
           -4.4693725398307809e-03, 4.1323287466586195e-01,
           -4.7568145879881750e-02, 4.2452660767508110e+00,
           6.5221734573810966e-04, -4.2371831697431412e+00,
           -4.7659858152649670e-02 ]
F: !!opencv-matrix
   rows: 3
   cols: 3
   dt: d
   data: [ 8.1998985737738860e-09, -2.2784323948607760e-05,
           1.1042781822348751e-02, 1.9242579655189512e-05,
           -2.2122433091517011e-06, 1.0220777707613250e-01,
           -9.1810130399438868e-03, -1.0202652398406926e-01, 1. ]
Q: !!opencv-matrix
   rows: 4
   cols: 4
   dt: d
   data: [ 1., 0., 0., -7.8182651901245117e+02, 0., 1., 0.,
           -4.8149508094787598e+02, 0., 0., 0., 5.8649141870164806e+02, 0.,
           0., 2.3443382806386504e-01, 0. ]