%YAML:1.0
---
image_width: 1280
image_height: 720
camera_name: stereo/left
camera_matrix: !!opencv-matrix
   rows: 3
   cols: 3
   dt: d
   data: [ 5.7669497857104420e+02, 0., 6.6937357598213032e+02, 0.,
       5.7742812308006899e+02, 4.9018231461838388e+02, 0., 0., 1. ]
distortion_coefficients: !!opencv-matrix
   rows: 1
   cols: 5
   dt: d
   data: [ -7.0079774650141837e-03, -6.2295887298835589e-02,
       1.9533610614185051e-03, 8.7109995253689492e-04,
       4.8654369913142946e-02 ]
rectification_matrix: !!opencv-matrix
   rows: 3
   cols: 3
   dt: d
   data: [ 9.9529646896676427e-01, 1.2427739957635846e-03,
       -9.6867922322543473e-02, -6.9916379703537763e-04,
       9.9998381899112121e-01, 5.6456112084957129e-03,
       9.6873371120632407e-02, -5.5513303565930148e-03,
       9.9528123296834858e-01 ]
projection_matrix: !!opencv-matrix
   rows: 3
   cols: 4
   dt: d
   data: [ 5.8649141870164806e+02, 0., 7.8182651901245117e+02, 0., 0.,
       5.8649141870164806e+02, 4.8149508094787598e+02, 0., 0., 0., 1.,
       0. ]
