%YAML:1.0
---
image_width: 1280
image_height: 720
camera_name: stereo/right
camera_matrix: !!opencv-matrix
   rows: 3
   cols: 3
   dt: d
   data: [ 5.9466312787947140e+02, 0., 6.2653860620780540e+02, 0.,
           5.9555471432322713e+02, 4.7779265118956874e+02, 0., 0., 1. ]
distortion_coefficients: !!opencv-matrix
   rows: 1
   cols: 5
   dt: d
   data: [ 1.0899694148172625e-02, -7.6504852448270932e-02,
           -5.0857835596769503e-05, -1.8084579301445203e-03,
           2.8832848901338040e-02 ]
rectification_matrix: !!opencv-matrix
   rows: 3
   cols: 3
   dt: d
   data: [ 9.9340188852008748e-01, -2.4167710309354448e-04,
           -1.1468491390283843e-01, -4.0220613936287785e-04,
           9.9998428826446883e-01, -5.5911943648272429e-03,
           1.1468446326745869e-01, 5.6004300175662748e-03,
           9.9338618324832417e-01 ]
projection_matrix: !!opencv-matrix
   rows: 3
   cols: 4
   dt: d
   data: [ 5.8649141870164806e+02, 0., 7.8182651901245117e+02,
           -2.5017354515145939e+03, 0., 5.8649141870164806e+02,
           4.8149508094787598e+02, 0., 0., 0., 1., 0. ]